1.988192138671875000e+03 1.274498901367187500e+03
2.006318725585937500e+03 1.486981933593750000e+03
2.024113891601562500e+03 1.694803955078125000e+03
2.042545654296875000e+03 1.898043212890625000e+03
2.061427001953125000e+03 2.098252441406250000e+03
2.080580566406250000e+03 2.295302001953125000e+03
2.099878417968750000e+03 2.490251464843750000e+03
1.778719116210937500e+03 1.300835449218750000e+03
1.799039794921875000e+03 1.512491577148437500e+03
1.818829467773437500e+03 1.718559936523437500e+03
1.838716674804687500e+03 1.919757690429687500e+03
1.858719970703125000e+03 2.117677246093750000e+03
1.878969604492187500e+03 2.312411376953125000e+03
1.899218505859375000e+03 2.505267822265625000e+03
1.572060546875000000e+03 1.326082519531250000e+03
1.594692504882812500e+03 1.536704711914062500e+03
1.616617431640625000e+03 1.741492187500000000e+03
1.638533691406250000e+03 1.941793945312500000e+03
1.660091796875000000e+03 2.138103515625000000e+03
1.681308837890625000e+03 2.331444091796875000e+03
1.702639038085937500e+03 2.521810791015625000e+03
1.367831542968750000e+03 1.351553222656250000e+03
1.392904785156250000e+03 1.560426269531250000e+03
1.416481689453125000e+03 1.763948364257812500e+03
1.440079101562500000e+03 1.962692626953125000e+03
1.463116577148437500e+03 2.158432128906250000e+03
1.486090209960937500e+03 2.349393798828125000e+03
1.508339721679687500e+03 2.539215576171875000e+03
1.165194458007812500e+03 1.375364013671875000e+03
1.192428466796875000e+03 1.583163452148437500e+03
1.219278076171875000e+03 1.785362670898437500e+03
1.243965454101562500e+03 1.983371582031250000e+03
1.267983764648437500e+03 2.178310058593750000e+03
1.291856201171875000e+03 2.369517822265625000e+03
1.315680419921875000e+03 2.557961914062500000e+03
9.636069946289062500e+02 1.398607910156250000e+03
9.925736083984375000e+02 1.605054687500000000e+03
1.021361633300781250e+03 1.806739135742187500e+03
1.049156494140625000e+03 2.003431152343750000e+03
1.074885253906250000e+03 2.197059814453125000e+03
1.099629272460937500e+03 2.388217773437500000e+03
1.124270507812500000e+03 2.576167968750000000e+03
