1.829613769531250000e+03 1.818421630859375000e+03
1.837380004882812500e+03 1.985829711914062500e+03
1.845784179687500000e+03 2.159477050781250000e+03
1.854834960937500000e+03 2.340365966796875000e+03
1.864490234375000000e+03 2.528971923828125000e+03
1.874674194335937500e+03 2.726481933593750000e+03
1.884792846679687500e+03 2.931697998046875000e+03
1.653506835937500000e+03 1.820444702148437500e+03
1.658249877929687500e+03 1.988799682617187500e+03
1.663247558593750000e+03 2.162917968750000000e+03
1.668571044921875000e+03 2.343665283203125000e+03
1.674252807617187500e+03 2.532007568359375000e+03
1.680333374023437500e+03 2.729114990234375000e+03
1.686494384765625000e+03 2.934302978515625000e+03
1.477676391601562500e+03 1.821348632812500000e+03
1.479494750976562500e+03 1.989774658203125000e+03
1.481481567382812500e+03 2.165185791015625000e+03
1.483347656250000000e+03 2.346258544921875000e+03
1.485244873046875000e+03 2.535037109375000000e+03
1.486880371093750000e+03 2.732124267578125000e+03
1.489032348632812500e+03 2.937334716796875000e+03
1.301268676757812500e+03 1.824268920898437500e+03
1.300152221679687500e+03 1.992967163085937500e+03
1.298830932617187500e+03 2.167768310546875000e+03
1.297546020507812500e+03 2.350135009765625000e+03
1.295712158203125000e+03 2.538827880859375000e+03
1.293466064453125000e+03 2.736128173828125000e+03
1.291403930664062500e+03 2.940735595703125000e+03
1.124832397460937500e+03 1.828801635742187500e+03
1.120456054687500000e+03 1.996812377929687500e+03
1.115571777343750000e+03 2.171384277343750000e+03
1.110639526367187500e+03 2.353466796875000000e+03
1.105514892578125000e+03 2.543129882812500000e+03
1.099508544921875000e+03 2.740236816406250000e+03
1.093690551757812500e+03 2.944597900390625000e+03
9.460794067382812500e+02 1.830423217773437500e+03
9.396599731445312500e+02 2.000787963867187500e+03
9.319300537109375000e+02 2.176155273437500000e+03
9.231822509765625000e+02 2.358114746093750000e+03
9.145275878906250000e+02 2.547675292968750000e+03
9.057476196289062500e+02 2.744618896484375000e+03
8.973698730468750000e+02 2.948166992187500000e+03
