1.572570678710937500e+03 1.346290405273437500e+03
1.590949829101562500e+03 1.532750122070312500e+03
1.609668579101562500e+03 1.722470458984375000e+03
1.628372436523437500e+03 1.913105224609375000e+03
1.647464233398437500e+03 2.108748535156250000e+03
1.665483886718750000e+03 2.309650146484375000e+03
1.683009643554687500e+03 2.519340576171875000e+03
1.378687011718750000e+03 1.362469970703125000e+03
1.396093994140625000e+03 1.552222290039062500e+03
1.413282592773437500e+03 1.742802490234375000e+03
1.430682006835937500e+03 1.935762939453125000e+03
1.447437744140625000e+03 2.131728759765625000e+03
1.463642700195312500e+03 2.333489990234375000e+03
1.477526000976562500e+03 2.541992919921875000e+03
1.183157714843750000e+03 1.374500244140625000e+03
1.199659301757812500e+03 1.566171020507812500e+03
1.216040771484375000e+03 1.759537231445312500e+03
1.231759521484375000e+03 1.954289550781250000e+03
1.247404907226562500e+03 2.152487060546875000e+03
1.262204101562500000e+03 2.355255615234375000e+03
1.275703491210937500e+03 2.564135009765625000e+03
9.833687744140625000e+02 1.379592407226562500e+03
9.989828491210937500e+02 1.575407836914062500e+03
1.014378234863281250e+03 1.772162597656250000e+03
1.029129760742187500e+03 1.970340820312500000e+03
1.043375976562500000e+03 2.171062255859375000e+03
1.057143188476562500e+03 2.375891845703125000e+03
1.070218261718750000e+03 2.585442871093750000e+03
7.780330810546875000e+02 1.379071166992187500e+03
7.923744506835937500e+02 1.577949096679687500e+03
8.065546875000000000e+02 1.779354614257812500e+03
8.203614501953125000e+02 1.982209472656250000e+03
8.336534423828125000e+02 2.187524658203125000e+03
8.454497070312500000e+02 2.396346923828125000e+03
8.577438354492187500e+02 2.608611328125000000e+03
5.653804931640625000e+02 1.374414794921875000e+03
5.776556396484375000e+02 1.577979858398437500e+03
5.903321533203125000e+02 1.783909790039062500e+03
6.029870605468750000e+02 1.992102905273437500e+03
6.154044189453125000e+02 2.203269287109375000e+03
6.271661376953125000e+02 2.417713867187500000e+03
6.392431030273437500e+02 2.635506347656250000e+03
