2.025623413085937500e+03 1.760471801757812500e+03
1.944218383789062500e+03 1.935235717773437500e+03
1.861757934570312500e+03 2.113506835937500000e+03
1.778138549804687500e+03 2.294266601562500000e+03
1.691328613281250000e+03 2.482108886718750000e+03
1.599898925781250000e+03 2.678450439453125000e+03
1.502313354492187500e+03 2.884255126953125000e+03
1.844729858398437500e+03 1.675237304687500000e+03
1.760264038085937500e+03 1.851612792968750000e+03
1.675755859375000000e+03 2.028822143554687500e+03
1.589591064453125000e+03 2.208927978515625000e+03
1.499835815429687500e+03 2.393177978515625000e+03
1.404844482421875000e+03 2.585115478515625000e+03
1.302794067382812500e+03 2.784906982421875000e+03
1.666159790039062500e+03 1.587845214843750000e+03
1.580097900390625000e+03 1.765189331054687500e+03
1.493422485351562500e+03 1.943603027343750000e+03
1.405175415039062500e+03 2.123354492187500000e+03
1.313419067382812500e+03 2.306420654296875000e+03
1.215665039062500000e+03 2.495166992187500000e+03
1.110265625000000000e+03 2.690519531250000000e+03
1.487629028320312500e+03 1.496739624023437500e+03
1.399901733398437500e+03 1.676218872070312500e+03
1.311622070312500000e+03 1.855783813476562500e+03
1.221885375976562500e+03 2.036600708007812500e+03
1.129063720703125000e+03 2.219705810546875000e+03
1.030432983398437500e+03 2.407585449218750000e+03
9.225625000000000000e+02 2.598792236328125000e+03
1.306751708984375000e+03 1.402112182617187500e+03
1.217874267578125000e+03 1.583304565429687500e+03
1.127647460937500000e+03 1.765188598632812500e+03
1.036386718750000000e+03 1.947392700195312500e+03
9.433399047851562500e+02 2.131769775390625000e+03
8.455778198242187500e+02 2.319381347656250000e+03
7.400757446289062500e+02 2.510140380859375000e+03
1.122103515625000000e+03 1.301993896484375000e+03
1.030699218750000000e+03 1.486512817382812500e+03
9.387918701171875000e+02 1.670851440429687500e+03
8.456628417968750000e+02 1.855696899414062500e+03
7.510044555664062500e+02 2.041754516601562500e+03
6.550621948242187500e+02 2.230014648437500000e+03
5.574593505859375000e+02 2.420746826171875000e+03
